[[0.97070003 0.88590002 0.6609     0.48089999 0.34869999 0.27900001
  0.2254     0.19670001 0.1759     0.1644    ]
 [0.97350001 0.96450001 0.87900001 0.74559999 0.63270003 0.53390002
  0.44389999 0.37670001 0.32370001 0.28490001]
 [0.972      0.96869999 0.94499999 0.86049998 0.7536     0.64539999
  0.565      0.4946     0.43599999 0.3926    ]
 [0.96829998 0.96780002 0.95850003 0.91530001 0.84210002 0.7615
  0.67830002 0.60890001 0.5553     0.51340002]
 [0.96920002 0.97170001 0.96420002 0.94510001 0.89899999 0.8265
  0.74430001 0.66460001 0.59369999 0.53009999]
 [0.3206     0.16410001 0.1235     0.1052     0.0997     0.0989
  0.0983     0.0982     0.0982     0.0982    ]]